4294967294,0
4294967278,132
4294967278,131
4294967278,130
4294967278,129
4294967278,128
4294967278,127
4294967278,126
4294967278,125
4294967278,124
4294967278,123
4294967278,122
4294967278,121
4294967278,247
4294967278,120
4294967278,119
4294967278,118
4294967278,117
4294967278,116
4294967278,115
4294967278,114
4294967278,113
4294967278,112
4294967278,25
4294967278,24
4294967278,23
4294967278,22
4294967278,21
4294967278,20
4294967278,19
4294967278,18
4294967278,17
4294967278,16
4294967278,15
4294967278,14
4294967278,13
4294967278,12
4294967278,11
4294967278,261
4294967278,10
4294967278,9
4294967278,8
4294967278,7
4294967278,6
4294967278,5
4294967278,4
4294967279,132
4294967279,131
4294967279,130
4294967279,129
4294967279,128
4294967279,127
4294967279,126
4294967279,125
4294967279,124
4294967279,123
4294967279,242
4294967279,122
4294967279,121
4294967279,120
4294967279,241
4294967279,119
4294967279,118
4294967279,117
4294967279,116
4294967279,115
4294967279,114
4294967279,113
4294967279,112
4294967279,236
4294967279,111
4294967279,233
4294967279,110
4294967279,109
4294967279,108
4294967279,107
4294967279,227
4294967279,106
4294967279,105
4294967279,104
4294967279,103
4294967279,102
4294967279,101
4294967279,100
4294967279,99
4294967279,98
4294967279,97
4294967279,96
4294967279,95
4294967279,94
4294967279,93
4294967279,92
4294967279,91
4294967279,90
4294967279,89
4294967279,87
4294967279,86
4294967279,85
4294967279,84
4294967279,83
4294967279,82
4294967279,81
4294967279,80
4294967279,79
4294967279,78
4294967279,77
4294967279,76
4294967279,75
4294967279,74
4294967279,73
4294967279,72
4294967279,71
4294967279,70
4294967279,69
4294967279,68
4294967279,67
4294967279,66
4294967279,65
4294967279,64
4294967279,63
4294967279,62
4294967279,61
4294967279,60
4294967279,59
4294967279,58
4294967279,57
4294967279,56
4294967279,55
4294967279,54
4294967279,53
4294967279,52
4294967279,51
4294967279,50
4294967279,49
4294967279,48
4294967279,47
4294967279,46
4294967279,45
4294967279,44
4294967279,43
4294967279,42
4294967279,41
4294967279,40
4294967279,39
4294967279,38
4294967279,37
4294967279,36
4294967279,35
4294967279,34
4294967279,33
4294967279,32
4294967279,31
4294967279,30
4294967279,29
4294967279,28
4294967279,27
4294967279,26
4294967279,25
4294967279,24
4294967279,23
4294967279,22
4294967279,268
4294967279,21
4294967279,20
4294967279,19
4294967279,18
4294967279,17
4294967279,16
4294967279,15
4294967279,14
4294967279,13
4294967279,12
4294967279,11
4294967279,10
4294967279,9
4294967279,8
4294967279,7
4294967279,6
4294967279,5
4294967279,4
4294501266,0
44,4
44,3
44,2
44,1
44,0
43,4
43,3
43,2
43,1
43,0
42,4
42,3
42,2
42,1
42,0
41,4
41,3
41,2
41,1
41,0
4294967294,471
40,4
40,3
40,2
40,1
40,0
4294967294,133
4294967294,429
39,4
39,3
39,2
39,1
39,0
38,4
38,3
38,2
38,1
38,0
4294967279,571
37,4
37,3
37,2
37,1
37,0
36,4
36,3
36,2
36,1
36,0
35,4
35,3
35,2
35,1
35,0
34,4
34,3
34,2
34,1
34,0
33,4
33,3
33,2
33,1
33,0
32,4
32,3
32,2
32,1
32,0
4294967294,470
31,4
31,3
31,2
31,1
31,0
4294967294,131
4294967294,518
30,4
30,3
30,2
30,1
30,0
4294967294,81
29,4
29,3
29,2
29,1
29,0
4294967278,379
28,4
28,3
28,2
28,1
28,0
27,4
27,3
27,2
27,1
27,0
4294967278,378
4294967278,377
4294967279,570
26,4
26,3
26,2
26,1
26,0
4294967294,130
4294967279,569
25,4
25,3
25,2
25,1
25,0
4294967279,568
4294967294,184
4294967278,376
4294967278,375
24,4
4294967279,567
24,3
24,2
24,1
24,0
4294967278,374
4294967279,566
4294967278,373
4294967279,565
4294967278,372
4294967279,564
23,4
4294967278,371
23,3
23,2
23,1
23,0
4294967279,563
4294967278,370
4294967279,562
4294967278,369
4294967279,561
4294967278,368
22,4
22,3
22,2
22,1
22,0
21,4
21,3
21,2
21,1
21,0
20,4
20,3
20,2
20,1
20,0
19,4
19,3
19,2
19,1
19,0
4294967294,1151
4294967294,469
18,4
18,3
18,2
18,1
18,0
4294967294,438
17,4
17,3
17,2
17,1
17,0
4294967279,560
16,4
